4.639053970692197382e+00 1.113049883795662431e+01 4.993837487728358226e+00 5.617792492066004506e+00 4.639053970692197382e+00 5.386455519648551515e+00 4.639053970692197382e+00 1.113123217030292444e+01 4.630989220611761326e+00 -6.143546752747079676e-02 -6.143546752747079676e-02 5.076001002939177553e+00 8.940117655080979941e-02 
 7.070812831912054106e-03 5.068403838320171495e+00 -8.776128376451207413e-02 -8.776128376451207413e-02 4.992617769541718431e+00 -9.217518013096062668e-02 4.968627081955999003e+00 4.993363805182940318e+00 -9.217518013096062668e-02 1.813990573587856536e+00 -9.217518013096062668e-02 4.775269723399275357e+00 -5.497578711855851535e-02 -9.217518013096062668e-02 -8.710437958299716010e-02 -4.009672371530927787e-02
-4.121816471483749078e-01 7.701213994431746812e+00 -4.975665185687940806e-01 3.571631452951349317e+00 -7.545938073667163293e-01 -7.375106829416511189e-01 -9.819230649944422629e-01 3.811852818213212757e+00 -9.500026970011988814e-01 5.011782801605715321e+00 -8.080869727976061068e-01 -3.533359548448591347e-01 -4.466904752549554769e-01 -7.024912995431420448e-01 -9.819230649944422629e-01 -9.819230649944422629e-01 -2.085929707553666190e-01 -1.367884280617784221e+00 -1.367884280617784221e+00 3.931777915179257121e+00 -1.219760930359558015e+00 4.740420676683011258e+00 8.523657593224777784e+00 -1.920428438509743652e-01 -1.367884280617784221e+00 -3.462038277704889144e-01 -1.109668808368437176e+00 7.852934054686642185e+00 -7.646680040781653753e-01 -9.476508980285133221e-01
-3.510062184978900435e-01 -5.480452610281650871e-01 -6.714597781054002512e-01 -1.180685822142854141e-01 -2.916793564248543538e-02 -6.249393741128359547e-01 -6.714597781054002512e-01 -6.714597781054002512e-01 1.754606191367384382e-01 -3.029429898604034110e-01 2.619321385909573197e-01 1.606883902844527881e-02 5.606412450903062172e+00 -7.517977092840546494e-01 -6.606687357306877395e-01 3.374189493300683851e-01 -7.123516241560906570e-01 8.962467770394635380e+00 -7.132916643139255441e-01 5.550220777518925175e+00 -7.517977092840546494e-01 -8.689963981128794035e-02 -5.247035224180004453e-01 -4.591026050843896589e-01 5.066962739018888051e+00 -4.024878796652510138e-01 -5.203368064806782600e-01 8.606696656196492157e+00 -5.404759703735539933e-01 -7.517977092840546494e-01
5.264363596949413804e+00 1.035305864339424869e-01 4.005466120588420331e+00 5.485947683965041399e+00 3.643600877173391872e-01 3.852421451447490264e-01 -2.254245708251566560e-01 -2.303255928977523403e-01 -2.303255928977523403e-01 4.797678262463903387e+00 4.872549219767331685e+00 4.694752898598149926e+00 -1.916354174826622736e-01 -2.452252834238254076e-02 2.949751650457618224e-01 -2.303255928977523403e-01 7.974351895475494167e+00 -1.111237518411445913e-01 -2.303255928977523403e-01 5.056030906918495660e+00 -3.777582311503717427e-02 -1.231434423842532599e-01 -1.606248997570647596e-01 -5.863164546640434183e-02 4.755660901937750928e+00 -1.964230502517004262e-01 -8.269782314965705428e-02 -3.502593196218765081e-01 -3.502625995518489077e-01 -3.170672266310358700e-01
4.971670070066367408e-01 5.018450685527993116e-01 6.313481087478098885e-01 4.538281390800626980e-01 -2.099287304455353387e-01 8.070943382113430431e+00 5.395616760513074261e+00 -2.099287304455353387e-01 1.230885185439705864e+01 -2.099287304455353387e-01 -2.099287304455353387e-01 3.799671434142893212e+00 -1.739960613029589709e-01 8.506793328427102452e+00 5.387725339152679815e+00 4.378695627676503221e-01 1.194445441375559369e+01 4.319278566109072126e-01 9.738576439646688954e+00 1.579058843363724263e-01 4.245645376613896987e-02 7.933818139527380353e+00 8.462497128924193035e+00 -2.099287304455353387e-01 5.392247491975983742e+00 -2.099287304455353387e-01 -2.099287304455353387e-01 -1.087298977883997125e-01 -2.099287304455353387e-01 -2.099287304455353387e-01
-1.537157461411456483e+00 -3.324064064477915137e-01 6.874269391117596939e+00 -2.607334520056040716e+00 2.693940600091519477e-01 -1.646625411636380099e+00 -2.493742001464370972e+00 -1.400863753842281456e+00 -8.640747626629653455e-01 -2.231334454985078875e+00 -1.650905838231179687e-02 -2.555759702468886729e+00 -2.466905647901235454e+00 -2.607334520056040716e+00 -2.270761980455298978e+00 -6.477069812560078965e-01 -1.146587231483531921e+00 5.265771907280031527e+00 -1.871562006664017286e+00 8.694036026617636637e+00 -2.607334520056040716e+00 -2.624878873490897213e+00 7.810362097310538765e+00 -1.211053568289885835e-01 -2.624878873490897213e+00 -2.624878873490897213e+00 -2.440362452203725496e+00 8.142499723838771075e+00 -2.624878873490897213e+00 7.708367544636143265e+00
5.010969436111801123e+00 4.789930863729794375e-01 1.192935819949839171e+01 5.190727428783988628e+00 4.789930863729794375e-01 5.130653893395034970e+00 4.789930863729794375e-01 5.385065755569530488e+00 4.852584563287083874e+00 5.153062432211741317e+00 4.789930863729794375e-01 4.893288249144499780e+00 4.789930863729794375e-01 3.889942463375302695e-01 5.593982155631024966e+00 3.889942500110273871e-01 5.082058466139997677e+00 5.082951032875650199e+00 3.889942463375302695e-01 5.702628695195628428e-01 1.008466121596823389e-01 5.060828889377269491e+00 8.345575897182326564e-02 5.025141914584555280e+00 8.345575897182326564e-02 3.866541875293082881e-02 4.667314130293067187e+00 3.866541875293082881e-02 1.110913053835816378e+01 3.866541875293082881e-02
6.988593006471639058e+00 -1.610388359284574133e-01 9.153500648730171108e+00 -6.010491451445738598e-01 -5.439980074851049618e-01 -6.215629588054601973e-01 -4.414988015081946493e+00 6.912302183128323563e+00 -4.414988015081946493e+00 -3.982025949178098934e+00 -4.414988015081946493e+00 -2.296847075764200330e+00 -4.414988015081946493e+00 -1.280058784949087147e-01 -5.355936181839848764e-01 -4.794342425828390652e+00 -4.683803778691297381e+00 5.056011128447347680e+00 -7.930835065369040704e-01 -4.794342425828390652e+00 7.068697602761661258e+00 -4.794342425828390652e+00 4.115947660340200542e+00 -7.948285046606312632e-01 -7.124686098313273153e-01 4.115947660340200542e+00 -5.006142681394933902e+00 -8.933374939875978749e-01 -6.132330300819470725e-01 -6.749744102364302334e-01
5.182647865206190474e+00 5.182647865206190474e+00 5.212250731815178284e+00 5.197177091615300171e+00 5.182647865206190474e+00 5.275301188457522272e+00 5.540583430964490796e-01 5.540583430964490796e-01 4.702128065036250137e-01 5.097193704223093036e-01 4.608828521641158971e-01 6.215085531449868306e+00 4.394709498557521354e-01 4.117085863912380295e-01 4.117085863912380295e-01 4.117085863912380295e-01 3.594706360612312523e-01 3.594706360612312523e-01 1.119743835503025231e+01 2.666133891569538727e-01 5.147439151274092239e+00 5.557733025826875561e+00 9.580368637083855332e-02 9.580369636955735069e-02 5.225643982741697613e+00 5.306002230438536138e+00 6.626013082937803889e-02 3.280208536225390770e-01 3.154230988895331822e-01 2.603958900565033763e-01
-6.625900562229655177e-01 -6.057817815243763393e-01 -5.596115991931787104e-01 -6.625900562229655177e-01 4.198353601758822329e+00 -8.235060635429417575e-01 4.756841705111541252e+00 4.106133808606132085e+00 -8.235060635429417575e-01 -3.048175971171533938e-01 4.134120728482179707e+00 -3.132615704631760978e-01 4.710322162478580488e+00 4.633564644198468585e+00 4.757203316354180700e+00 5.098677668663315288e+00 -2.516628370431421291e-01 -8.235060635429417575e-01 4.177615289922157693e+00 -7.551317902940880844e-02 -8.235060635429417575e-01 -3.334531647974551816e-01 -8.235060635429417575e-01 9.056706294149652337e+00 4.823732712152875024e+00 4.670609426615754955e+00 -8.235060635429417575e-01 -8.235060635429417575e-01 -8.235060635429417575e-01 -3.992898648607262624e-01
